108 350  22 29        1         
370 638  13 12        2         
242 156  26 23        3         
638 540  14 27        4         
8 793  24 29          5         
158 828  15 15        6         
103 549  22 26        7         
942 637  15 15        8         
405 628  19 11        9         
 419 259  18 12       10        
 698 565  15 22       11        
 150 478  23 12       12        
 383 112  25 23       13        
 675 306  28 19       14        
 110 919  19 18       15        
 514 568  23 19       16        
 748 481  22 23       17        
 383 79  13 6         18        
 727 848  19 18       19        
 165 463  10 18       20        
 108 559  21 23       21        
 576 345  13 19       22        
 617 575  26 11       23        
 914 319  10 29       24        
 110 600  11 16       25        
 780 154  14 18       26        
 620 756  11 21       27        
 162 843  17 22       28        
 485 231  10 27       29        
 646 443  17 19       30        
 512 520  20 28       31        
 0 896  24 27         32        
 428 689  24 11       33        
 7 827  11 22         34        
 341 149  11 23       35        
 460 480  28 16       36        
 795 226  27 23       37        
 805 595  21 15       38        
 803 235  17 19       39        
 528 104  25 25       40        
 761 616  21 29       41        
 140 673  16 10       42        
 424 75  18 23        43        
 568 279  22 14       44        
 917 645  22 24       45        
 357 702  18 28       46        
 388 952  29 16       47        
 352 737  22 21       48        
 365 731  18 20       49        
 664 614  11 23       50        
 632 549  18 20       51        
 756 61  28 11        52        
 706 283  28 14       53        
 900 635  19 29       54        
 118 925  10 19       55        
 634 729  26 19       56        
 940 102  24 13       57        
 562 223  17 16       58        
 177 233  23 23       59        
 654 600  27 12       60        
 469 357  12 6        61        
 3 481  28 28         62        
 346 210  19 22       63        
 157 973  20 13       64        
 159 281  27 12       65        
 135 817  29 16       66        
 76 209  28 27        67        
 802 587  26 28       68        
 39 276  16 12        69        
 258 749  19 25       70        
 23 820  26 24        71        
 173 99  20 16        72        
 365 125  23 22       73        
 135 897  21 15       74        
 380 342  24 19       75        
 106 833  26 25       76        
 25 576  11 23        77        
 343 585  21 10       78        
 394 771  11 25       79        
 110 83  29 24        80        
 420 79  28 17        81        
 805 276  29 11       82        
 710 294  10 29       83        
 107 194  14 21       84        
 738 695  15 16       85        
 180 15  13 25        86        
 105 718  27 23       87        
 949 501  20 21       88        
 335 922  14 26       89        
 56 564  12 20        90        
 391 358  13 29       91        
 86 131  11 16        92        
 249 528  22 29       93        
 449 620  28 15       94        
 274 745  14 15       95        
 518 550  21 21       96        
 763 909  28 24       97        
 809 939  24 19       98        
 148 444  22 21       99        
  967 901  24 20      100 
  289 559  19 27      101 
  894 639  10 16      102 
  758 45  15 15       103 
  572 462  20 16      104 
  254 803  14 20      105 
  771 850  17 19      106 
  131 784  27 11      107 
  779 102  23 21      108 
  582 722  19 12      109 
  810 93  27 12       110 
  346 322  18 20      111 
  86 101  21 24       112 
  117 921  14 11      113 
  49 598  18 19       114 
  687 969  27 28      115 
  294 597  17 13      116 
  64 115  29 13       117 
  360 971  13 12      118 
  465 354  21 13      119 
  853 410  19 25      120 
  669 843  17 19      121 
  712 745  21 18      122 
  839 363  18 26      123 
  412 73  29 27       124 
  692 962  14 15      125 
  66 827  10 10       126 
  265 96  19 18       127 
  387 163  26 29      128 
  362 384  11 16      129 
  902 407  21 11      130 
  333 580  28 16      131 
  794 106  15 18      132 
  441 602  11 28      133 
  412 369  26 15      134 
  441 293  24 27      135 
  235 469  24 25      136 
  72 113  19 16       137 
  425 242  11 25      138 
  14 908  12 23       139 
  969 150  17 19      140 
  847 861  26 23      141 
  915 204  22 28      142 
  559 647  15 27      143 
  561 338  15 23      144 
  667 616  4 18       145 
  267 351  22 12      146 
  610 684  13 10      147 
  885 970  21 12      148 
  165 838  20 10      149 
  70 650  26 24       150 
  965 143  19 23      151 
  422 427  13 10      152 
  200 556  10 21      153 
  903 14  25 12       154 
  193 913  23 24      155 
  649 713  25 29      156 
  103 841  13 22      157 
  573 486  10 16      158 
  465 383  27 11      159 
  629 548  17 22      160 
  969 580  29 25      161 
  198 223  29 17      162 
  604 157  27 23      163 
  452 381  29 23      164 
  117 14  11 12       165 
  965 140  13 29      166 
  337 198  22 24      167 
  667 743  21 21      168 
  89 138  23 28       169 
  455 903  18 21      170 
  60 466  13 29       171 
  907 786  11 23      172 
  933 455  12 18      173 
  961 207  28 16      174 
  779 679  12 20      175 
  323 151  5 13       176 
  633 556  13 23      177 
  348 74  21 19       178 
  886 684  12 12      179 
  694 192  20 15      180 
  343 376  25 24      181 
  373 0  10 27        182 
  157 480  10 16      183 
  694 184  17 11      184 
  206 222  24 17      185 
  716 524  24 26      186 
  301 750  15 15      187 
  426 13  19 14       188 
  506 540  29 17      189 
  607 980  25 14      190 
  782 219  14 29      191 
  342 157  15 20      192 
  259 739  27 25      193 
  698 744  16 10      194 
  521 507  22 28      195 
  817 90  28 19       196 
  796 268  11 11      197 
  261 99  12 13       198 
  972 469  15 15      199 
  833 445  18 17      200 
  181 911  27 16      201 
  898 330  12 15      202 
  265 179  14 29      203 
  782 647  20 18      204 
  189 122  18 16      205 
  142 533  25 29      206 
  734 313  21 27      207 
  776 66  24 12       208 
  860 853  10 23      209 
  669 699  15 27      210 
  971 161  20 12      211 
  509 169  29 29      212 
  786 82  27 15       213 
  906 716  24 16      214 
  19 823  18 27       215 
  673 960  22 18      216 
  927 264  22 13      217 
  133 321  10 14      218 
  839 844  26 15      219 
  334 586  18 25      220 
  725 872  22 21      221 
  719 674  11 13      222 
  134 846  26 23      223 
  57 384  10 26       224 
  590 131  27 29      225 
  756 271  14 19      226 
  576 452  14 25      227 
  760 673  20 13      228 
  444 350  26 10      229 
  730 37  12 13       230 
  746 844  3 15       231 
  767 538  19 10      232 
  747 295  22 20      233 
  54 919  12 22       234 
  257 215  28 25      235 
  799 83  28 14       236 
  505 856  17 14      237 
  570 679  23 24      238 
  42 71  26 28        239 
  607 596  22 16      240 
  24 805  16 21       241 
  624 864  20 26      242 
  359 309  14 18      243 
  788 636  16 27      244 
  471 537  18 16      245 
  119 450  19 21      246 
  807 130  20 25      247 
  213 637  25 17      248 
  240 410  12 29      249 
  929 359  18 16      250 
  371 945  16 18      251 
  840 733  13 11      252 
  273 75  28 26       253 
  549 445  27 10      254 
  602 103  18 20      255 
  298 971  29 25      256 
  890 244  12 25      257 
  525 16  12 14       258 
  238 528  16 19      259 
  136 632  16 17      260 
  568 165  11 12      261 
  210 901  24 27      262 
  900 327  17 23      263 
  517 659  12 19      264 
  588 103  23 26      265 
  459 508  23 28      266 
  675 132  15 10      267 
  629 377  11 23      268 
  349 25  15 23       269 
  214 627  14 19      270 
  211 631  24 25      271 
  662 248  13 10      272 
  939 439  20 10      273 
  271 90  20 25       274 
  257 872  19 16      275 
  330 355  23 14      276 
  95 684  25 28       277 
  907 786  21 17      278 
  272 98  7 10        279 
  286 525  20 27      280 
  66 229  13 15       281 
  449 85  25 26       282 
  522 982  16 17      283 
  119 294  25 18      284 
  183 132  15 26      285 
  203 419  21 11      286 
  505 681  12 28      287 
  89 716  28 22       288 
  281 62  25 21       289 
  717 686  19 22      290 
  610 143  11 29      291 
  833 920  11 27      292 
  647 132  16 15      293 
  503 272  14 21      294 
  917 221  15 27      295 
  666 698  24 25      296 
  908 710  18 16      297 
  914 562  25 24      298 
  136 538  14 22      299 
  53 872  21 22       300 
  140 644  28 23      301 
  681 24  24 29       302 
  727 67  13 19       303 
  600 166  12 16      304 
  118 329  19 23      305 
  632 897  10 28      306 
  533 258  14 27      307 
  371 22  24 16       308 
  322 395  13 22      309 
  661 464  25 14      310 
  52 561  17 24       311 
  83 197  10 15       312 
  682 804  22 12      313 
  366 555  22 27      314 
  169 675  13 24      315 
  89 186  23 21       316 
  500 308  13 20      317 
  149 961  28 21      318 
  238 672  15 27      319 
  458 432  25 15      320 
  666 843  12 25      321 
  600 411  16 18      322 
  570 440  26 28      323 
  13 44  18 27        324 
  628 35  13 20       325 
  423 725  24 13      326 
  445 147  15 24      327 
  650 295  17 17      328 
  941 862  22 26      329 
  313 778  10 18      330 
  488 212  23 20      331 
  773 679  16 28      332 
  964 259  10 19      333 
  54 282  21 16       334 
  24 810  28 26       335 
  135 511  10 15      336 
  362 618  5 21       337 
  673 630  17 17      338 
  461 852  20 11      339 
  353 86  13 10       340 
  128 838  17 16      341 
  900 621  28 23      342 
  298 485  20 15      343 
  821 341  24 28      344 
  135 21  14 25       345 
  555 328  29 16      346 
  260 550  28 21      347 
  253 858  15 22      348 
  652 421  11 19      349 
  708 258  18 10      350 
  744 640  21 20      351 
  756 723  21 21      352 
  579 446  13 15      353 
  467 390  18 28      354 
  15 420  29 19       355 
  657 874  28 27      356 
  641 967  16 23      357 
  747 683  17 12      358 
  557 586  10 26      359 
  315 235  29 19      360 
  954 164  22 23      361 
  83 196  10 25       362 
  371 316  11 24      363 
  437 914  25 27      364 
  443 844  12 16      365 
  36 388  16 29       366 
  332 328  18 12      367 
  363 532  11 16      368 
  217 198  17 29      369 
  721 712  25 17      370 
  507 847  20 14      371 
  873 28  11 21       372 
  280 344  20 5       373 
  846 28  18 18       374 
  144 627  12 26      375 
  273 349  15 25      376 
  387 230  21 24      377 
  963 641  26 26      378 
  908 235  24 11      379 
  420 386  28 19      380 
  570 637  21 29      381 
  19 923  14 27       382 
  758 357  27 16      383 
  232 465  11 18      384 
  99 542  16 28       385 
  334 327  11 19      386 
  349 147  10 25      387 
  672 893  12 26      388 
  347 544  26 27      389 
  944 295  18 24      390 
  967 825  13 10      391 
  185 36  17 16       392 
  407 7  25 18        393 
  610 911  21 23      394 
  419 664  16 16      395 
  773 254  13 24      396 
  572 828  25 20      397 
  107 716  20 20      398 
  702 408  13 10      399 
  321 149  11 19      400 
  663 601  11 29      401 
  206 923  19 17      402 
  618 873  15 13      403 
  108 900  16 21      404 
  162 620  16 29      405 
  908 814  18 28      406 
  30 666  10 15       407 
  703 619  20 12      408 
  291 823  25 25      409 
  748 402  28 10      410 
  283 486  16 18      411 
  908 182  16 16      412 
  553 754  19 24      413 
  627 500  13 16      414 
  452 314  25 25      415 
  404 625  17 28      416 
  320 68  28 26       417 
  742 862  13 19      418 
  698 249  25 16      419 
  681 736  16 12      420 
  604 806  18 15      421 
  123 905  27 19      422 
  189 606  17 26      423 
  10 616  27 16       424 
  160 12  19 18       425 
  242 314  18 29      426 
  508 440  25 10      427 
  283 305  9 4        428 
  314 249  27 22      429 
  588 792  17 23      430 
  310 616  26 12      431 
  355 105  16 23      432 
  926 217  14 16      433 
  907 167  16 10      434 
  280 783  17 17      435 
  247 915  19 25      436 
  526 248  21 14      437 
  660 437  23 19      438 
  577 193  26 25      439 
  786 805  28 16      440 
  431 155  24 15      441 
  105 443  9 5        442 
  746 654  23 29      443 
  147 78  21 19       444 
  663 804  22 15      445 
  99 441  19 10       446 
  582 284  25 28      447 
  577 640  7 20       448 
  865 388  11 23      449 
  149 336  20 11      450 
  523 552  12 12      451 
  726 752  12 28      452 
  463 460  11 13      453 
  364 960  13 29      454 
  101 149  17 11      455 
  244 9  19 22        456 
  106 868  26 29      457 
  722 844  16 18      458 
  162 964  24 21      459 
  308 451  18 25      460 
  275 633  27 10      461 
  439 702  24 18      462 
  173 791  19 29      463 
  95 343  12 19       464 
  768 812  27 23      465 
  827 331  17 22      466 
  623 188  26 11      467 
  19 949  19 23       468 
  663 684  26 10      469 
  153 88  24 20       470 
  778 828  26 24      471 
  443 652  21 15      472 
  720 770  15 6       473 
  275 549  22 23      474 
  483 103  27 16      475 
  670 462  13 11      476 
  146 873  26 27      477 
  540 111  18 17      478 
  151 629  25 11      479 
  417 254  22 29      480 
  809 808  13 13      481 
  673 797  13 23      482 
  354 71  17 12       483 
  55 877  11 21       484 
  807 887  14 14      485 
  729 26  19 27       486 
  483 521  28 22      487 
  715 518  14 14      488 
  807 96  12 14       489 
  95 914  28 27       490 
  228 326  26 27      491 
  945 714  25 28      492 
  535 974  11 16      493 
  490 288  23 26      494 
  266 906  11 19      495 
  363 254  25 13      496 
  469 382  23 14      497 
  697 802  27 18      498 
  458 779  27 27      499 
  505 80  25 13       500 
  877 25  22 11       501 
  295 834  11 12      502 
  830 336  16 14      503 
  527 73  20 16       504 
  661 201  24 19      505 
  129 450  25 13      506 
  632 188  14 12      507 
  952 443  18 24      508 
  927 204  13 29      509 
  420 386  27 12      510 
  369 103  25 26      511 
  417 77  14 10       512 
  552 84  19 29       513 
  488 951  28 14      514 
  579 476  20 11      515 
  423 237  11 21      516 
  648 901  28 24      517 
  795 888  20 13      518 
  593 13  6 4         519 
  886 99  18 16       520 
  522 517  28 29      521 
  767 477  11 21      522 
  271 239  21 14      523 
  30 842  24 21       524 
  924 242  13 7       525 
  876 28  22 23       526 
  508 860  22 27      527 
  183 552  20 20      528 
  590 4  13 17        529 
  760 897  19 19      530 
  779 106  28 16      531 
  245 12  15 25       532 
  938 462  26 17      533 
  513 7  18 16        534 
  195 337  13 28      535 
  228 799  28 11      536 
  552 554  13 12      537 
  390 85  26 12       538 
  415 247  15 14      539 
  173 810  21 11      540 
  970 829  12 11      541 
  240 430  11 21      542 
  195 583  20 18      543 
  535 409  15 11      544 
  240 195  28 14      545 
  36 855  23 17       546 
  424 375  19 15      547 
  428 884  29 16      548 
  19 186  23 27       549 
  490 212  24 11      550 
  662 628  14 18      551 
  27 602  13 24       552 
  911 52  26 15       553 
  448 638  23 20      554 
  69 384  29 21       555 
  349 575  20 23      556 
  665 538  28 22      557 
  100 906  29 18      558 
  118 742  16 13      559 
  299 731  23 29      560 
  29 817  14 12       561 
  770 109  23 10      562 
  924 225  15 13      563 
  979 590  14 24      564 
  616 275  23 15      565 
  393 961  13 10      566 
  35 809  19 13       567 
  121 832  11 18      568 
  100 916  27 11      569 
  649 866  23 11      570 
  778 224  20 26      571 
  55 638  24 16       572 
  110 600  11 18      573 
  289 654  25 12      574 
  45 665  28 15       575 
  466 351  19 26      576 
  722 123  14 13      577 
  508 848  25 18      578 
  802 80  15 24       579 
  478 118  26 23      580 
  147 432  28 22      581 
  920 383  29 27      582 
  414 788  28 12      583 
  190 588  15 11      584 
  117 674  23 22      585 
  203 953  18 19      586 
  0 605  18 29        587 
  711 347  29 18      588 
  117 214  12 22      589 
  547 112  22 17      590 
  243 154  14 22      591 
  628 943  10 17      592 
  555 738  21 23      593 
  276 504  27 17      594 
  396 352  23 29      595 
  454 145  17 27      596 
  738 718  22 16      597 
  903 21  14 10       598 
  400 768  17 26      599 
  712 92  10 11       600 
  784 698  14 29      601 
  586 654  18 18      602 
  512 595  27 25      603 
  573 439  15 24      604 
  457 488  18 23      605 
  628 708  17 23      606 
  246 707  20 13      607 
  555 85  28 19       608 
  812 344  11 4       609 
  825 437  15 29      610 
  131 283  18 22      611 
  496 287  27 18      612 
  385 397  14 16      613 
  776 944  12 15      614 
  618 895  12 26      615 
  289 518  26 24      616 
  944 252  24 26      617 
  182 102  17 10      618 
  729 540  26 12      619 
  262 899  25 15      620 
  330 366  17 22      621 
  471 908  24 19      622 
  401 229  13 19      623 
  864 145  26 14      624 
  357 976  24 22      625 
  698 357  22 21      626 
  893 659  29 10      627 
  111 320  11 23      628 
  956 256  16 19      629 
  620 269  15 10      630 
  217 409  16 11      631 
  29 693  23 20       632 
  297 925  28 19      633 
  257 327  26 25      634 
  942 495  14 29      635 
  683 761  21 19      636 
  525 547  22 21      637 
  93 254  27 11       638 
  150 815  26 22      639 
  193 817  23 20      640 
  116 310  27 22      641 
  60 611  12 26       642 
  255 901  14 18      643 
  263 664  10 12      644 
  831 802  28 15      645 
  810 407  25 14      646 
  177 157  14 28      647 
  928 646  27 10      648 
  193 228  20 25      649 
  289 601  28 27      650 
  785 638  27 24      651 
  788 206  22 10      652 
  3 92  24 28         653 
  935 755  29 11      654 
  446 464  22 21      655 
  114 812  28 29      656 
  309 453  24 14      657 
  572 365  14 22      658 
  930 882  29 21      659 
  752 121  29 23      660 
  164 686  13 26      661 
  244 565  17 18      662 
  691 860  17 20      663 
  628 198  13 4       664 
  203 819  11 13      665 
  600 425  14 13      666 
  611 605  20 11      667 
  902 93  24 17       668 
  347 249  18 19      669 
  333 956  29 15      670 
  106 0  29 16        671 
  676 137  19 24      672 
  545 355  28 15      673 
  234 620  25 28      674 
  884 413  10 3       675 
  854 407  27 20      676 
  113 853  12 25      677 
  857 130  19 16      678 
  460 154  25 28      679 
  732 125  16 18      680 
  840 539  24 17      681 
  124 405  11 12      682 
  618 691  15 16      683 
  330 563  29 24      684 
  511 859  23 12      685 
  911 781  21 17      686 
  527 69  10 29       687 
  825 578  21 12      688 
  965 175  22 25      689 
  230 188  17 24      690 
  462 880  27 15      691 
  75 128  21 16       692 
  350 582  21 18      693 
  377 72  28 22       694 
  882 836  17 19      695 
  25 419  17 26       696 
  987 886  12 23      697 
  918 415  16 18      698 
  793 344  29 25      699 
  380 609  12 10      700 
  241 428  29 18      701 
  363 15  11 20       702 
  438 552  21 10      703 
  582 144  21 19      704 
  192 815  19 13      705 
  750 625  18 22      706 
  326 980  25 13      707 
  613 480  20 14      708 
  913 722  16 12      709 
  405 254  23 20      710 
  423 380  10 27      711 
  641 578  16 15      712 
  639 967  29 17      713 
  903 184  10 22      714 
  569 258  13 25      715 
  839 319  10 29      716 
  67 63  22 12        717 
  987 905  12 21      718 
  619 196  26 13      719 
  290 637  10 24      720 
  197 905  14 28      721 
  705 615  13 26      722 
  677 527  16 18      723 
  605 204  21 25      724 
  615 210  11 24      725 
  582 436  13 24      726 
  314 50  20 22       727 
  207 118  29 26      728 
  764 638  27 11      729 
  320 336  26 24      730 
  911 633  28 14      731 
  385 556  27 24      732 
  447 884  12 14      733 
  700 74  26 28       734 
  13 552  23 28       735 
  236 580  11 23      736 
  122 14  28 14       737 
  289 468  16 13      738 
  170 28  23 18       739 
  924 721  12 13      740 
  40 740  20 27       741 
  424 283  18 28      742 
  584 102  27 11      743 
  511 485  16 25      744 
  569 98  28 18       745 
  480 948  20 12      746 
  412 392  11 17      747 
  751 914  24 10      748 
  21 959  13 11       749 
  266 49  13 23       750 
  890 625  10 22      751 
  973 186  14 15      752 
  21 594  15 24       753 
  115 839  5 6        754 
  449 552  12 29      755 
  475 747  23 29      756 
  567 559  28 20      757 
  836 529  25 27      758 
  280 302  29 11      759 
  400 637  26 22      760 
  389 336  20 29      761 
  93 745  26 27       762 
  70 821  11 29       763 
  36 794  10 24       764 
  623 189  20 17      765 
  720 620  16 29      766 
  695 798  25 12      767 
  120 381  28 10      768 
  667 840  29 13      769 
  13 31  15 22        770 
  667 621  14 22      771 
  819 580  18 19      772 
  165 434  25 28      773 
  387 831  25 26      774 
  267 189  11 19      775 
  515 161  25 24      776 
  497 941  13 28      777 
  810 352  14 21      778 
  29 864  17 15       779 
  339 318  14 24      780 
  969 649  16 4       781 
  429 788  11 29      782 
  346 69  18 29       783 
  930 705  28 24      784 
  705 770  26 23      785 
  721 599  10 15      786 
  467 212  28 12      787 
  444 85  15 24       788 
  614 146  3 19       789 
  190 448  16 12      790 
  5 99  13 7          791 
  23 668  10 25       792 
  725 265  10 18      793 
  667 321  27 12      794 
  0 774  28 26        795 
  812 15  14 26       796 
  947 480  15 17      797 
  599 676  21 22      798 
  181 19  10 20       799 
  955 162  20 17      800 
  515 865  20 13      801 
  13 812  26 28       802 
  553 841  27 28      803 
  80 62  21 11        804 
  189 430  22 25      805 
  605 191  19 12      806 
  65 31  26 16        807 
  8 410  27 16        808 
  860 845  27 16      809 
  358 968  17 15      810 
  448 867  17 11      811 
  862 678  24 20      812 
  272 665  20 14      813 
  427 95  22 11       814 
  703 285  14 14      815 
  756 124  23 24      816 
  396 69  27 18       817 
  619 483  14 23      818 
  671 35  21 23       819 
  234 717  24 16      820 
  269 97  24 16       821 
  677 882  23 27      822 
  852 343  16 25      823 
  99 902  29 10       824 
  345 542  28 23      825 
  572 256  11 26      826 
  576 421  21 28      827 
  893 727  21 10      828 
  47 381  15 12       829 
  887 955  12 16      830 
  637 498  22 21      831 
  303 530  21 11      832 
  727 855  25 14      833 
  21 148  12 16       834 
  537 391  18 25      835 
  498 670  16 12      836 
  944 715  20 15      837 
  944 696  24 26      838 
  907 202  15 10      839 
  87 68  22 13        840 
  842 789  25 17      841 
  187 187  21 18      842 
  679 540  28 12      843 
  877 681  24 11      844 
  933 43  15 18       845 
  979 217  20 24      846 
  596 219  23 21      847 
  892 403  29 15      848 
  411 383  10 21      849 
  368 263  11 19      850 
  65 407  12 23       851 
  592 666  27 16      852 
  253 77  29 22       853 
  133 667  14 20      854 
  439 683  11 24      855 
  786 881  11 18      856 
  544 114  19 19      857 
  88 355  24 10       858 
  148 277  14 23      859 
  83 553  10 22       860 
  534 922  27 20      861 
  508 22  27 17       862 
  700 398  12 28      863 
  42 288  16 16       864 
  111 303  15 19      865 
  615 652  14 28      866 
  243 650  14 26      867 
  142 551  12 29      868 
  989 909  4 6        869 
  831 331  13 17      870 
  53 731  26 27       871 
  824 453  14 17      872 
  253 110  10 27      873 
  226 913  15 23      874 
  745 790  13 20      875 
  310 928  25 20      876 
  307 354  10 14      877 
  466 734  19 23      878 
  159 966  21 26      879 
  898 55  23 10       880 
  744 392  11 24      881 
  950 95  18 15       882 
  886 824  29 29      883 
  137 689  19 23      884 
  326 390  12 20      885 
  39 424  27 15       886 
  606 682  13 16      887 
  427 244  29 21      888 
  214 931  13 16      889 
  493 442  26 13      890 
  718 768  21 11      891 
  186 199  21 24      892 
  88 560  29 13       893 
  89 188  13 23       894 
  801 909  23 11      895 
  644 975  28 16      896 
  163 423  15 27      897 
  929 640  13 16      898 
  135 338  18 10      899 
  822 573  12 23      900 
  800 364  19 17      901 
  82 108  25 25       902 
  795 916  24 23      903 
  255 548  12 13      904 
  124 835  25 16      905 
  624 953  20 22      906 
  47 837  13 25       907 
  922 239  18 18      908 
  346 44  10 14       909 
  445 169  21 19      910 
  833 568  23 23      911 
  660 608  17 21      912 
  105 554  15 16      913 
  801 16  27 26       914 
  750 763  21 25      915 
  677 280  26 26      916 
  169 439  29 23      917 
  380 595  19 28      918 
  808 340  20 22      919 
  268 556  16 17      920 
  626 771  23 27      921 
  111 619  17 13      922 
  578 678  11 24      923 
  611 387  16 14      924 
  359 615  14 29      925 
  911 357  28 21      926 
  958 761  12 11      927 
  956 302  19 12      928 
  908 146  20 26      929 
  588 358  18 17      930 
  645 234  21 18      931 
  561 432  12 25      932 
  278 342  26 10      933 
  360 940  19 12      934 
  495 293  16 14      935 
  714 728  21 24      936 
  68 651  21 25       937 
  290 743  26 18      938 
  355 874  11 25      939 
  491 754  16 24      940 
  278 596  19 12      941 
  782 157  20 16      942 
  118 468  12 23      943 
  279 783  10 29      944 
  929 858  25 19      945 
  626 971  21 13      946 
  713 663  11 28      947 
  940 493  25 25      948 
  458 869  11 12      949 
  730 318  28 20      950 
  957 904  29 28      951 
  522 693  28 27      952 
  606 558  14 20      953 
  43 788  12 21       954 
  554 541  28 27      955 
  259 118  11 26      956 
  491 757  15 10      957 
  429 360  19 13      958 
  560 721  18 26      959 
  881 31  11 15       960 
  110 339  24 29      961 
  359 205  25 25      962 
  926 35  22 24       963 
  892 550  24 20      964 
  657 242  25 21      965 
  413 255  22 21      966 
  673 706  12 16      967 
  431 306  13 27      968 
  105 570  18 11      969 
  912 168  12 27      970 
  157 911  23 23      971 
  647 398  14 29      972 
  676 515  14 28      973 
  879 778  24 13      974 
  129 524  24 29      975 
  239 560  16 22      976 
  894 407  10 18      977 
  539 892  26 19      978 
  46 930  22 23       979 
  893 152  16 17      980 
  279 191  21 10      981 
  764 368  26 11      982 
  138 81  25 22       983 
  672 207  19 18      984 
  21 471  26 13       985 
  863 784  19 25      986 
  754 800  15 19      987 
  170 292  15 27      988 
  472 45  10 16       989 
  160 570  26 17      990 
  3 567  22 28        991 
  378 134  21 13      992 
  724 612  10 15      993 
  21 193  20 19       994 
  861 849  14 12      995 
  507 666  18 10      996 
  920 169  21 16      997 
  851 217  12 27      998 
  356 888  26 27      999 
   264 513  15 12     1000
   975 903  10 14     1001
   665 838  15 25     1002
   582 732  29 11     1003
   246 413  20 25     1004
   862 447  17 22     1005
   795 939  18 18     1006
   317 650  15 12     1007
   821 123  13 10     1008
   448 890  20 15     1009
   202 20  13 18      1010
   706 561  15 11     1011
   891 480  16 21     1012
   82 540  24 18      1013
   845 32  11 13      1014
   184 198  12 14     1015
   98 141  16 11      1016
   282 331  20 28     1017
   760 273  3 7       1018
   776 848  14 15     1019
   443 285  20 23     1020
   518 405  29 22     1021
   22 139  27 14      1022
   260 558  29 11     1023
   924 369  16 16     1024
   517 383  13 12     1025
   461 443  14 18     1026
   526 19  17 10      1027
   760 904  17 22     1028
   702 241  20 19     1029
   763 250  22 28     1030
   408 86  12 19      1031
   714 493  17 26     1032
   61 60  22 27       1033
   878 479  18 14     1034
   422 602  22 22     1035
   307 527  27 12     1036
   100 725  29 17     1037
   241 207  17 12     1038
   156 826  22 22     1039
   210 22  27 28      1040
   760 280  28 25     1041
   112 833  13 19     1042
   770 622  21 11     1043
   229 881  24 10     1044
   16 808  20 19      1045
   183 583  14 28     1046
   181 106  17 25     1047
   580 65  26 22      1048
   428 915  27 13     1049
   300 534  26 14     1050
   810 899  23 11     1051
   672 627  20 10     1052
   153 52  11 28      1053
   610 10  23 10      1054
   379 192  26 22     1055
   161 743  14 21     1056
   250 98  23 20      1057
   46 487  19 18      1058
   628 180  17 16     1059
   54 761  24 14      1060
   412 600  21 13     1061
   17 910  11 23      1062
   841 649  21 22     1063
   110 310  16 27     1064
   833 528  15 11     1065
   98 862  27 12      1066
   88 838  28 19      1067
   272 464  29 25     1068
   917 666  29 20     1069
   222 127  10 27     1070
   449 466  23 16     1071
   258 331  13 23     1072
   476 491  18 11     1073
   390 75  15 29      1074
   217 863  17 24     1075
   334 227  18 29     1076
   437 723  11 15     1077
   662 846  18 12     1078
   384 394  24 27     1079
   675 965  16 6      1080
   700 687  16 29     1081
   443 859  22 27     1082
   245 327  19 24     1083
   676 807  28 27     1084
   846 224  14 21     1085
   58 744  14 19      1086
   680 543  23 20     1087
   790 267  16 14     1088
   447 217  27 26     1089
   140 961  29 18     1090
   53 373  24 12      1091
   549 222  17 12     1092
   839 926  22 14     1093
   21 690  22 19      1094
   377 157  16 13     1095
   664 637  21 10     1096
   355 965  20 12     1097
   949 474  14 26     1098
   161 850  17 25     1099
   104 408  21 20     1100
   526 553  20 19     1101
   126 527  18 24     1102
   308 346  28 21     1103
   808 406  11 25     1104
   516 80  14 29      1105
   767 40  16 28      1106
   2 828  10 27       1107
   317 655  27 10     1108
   877 287  15 16     1109
   133 443  28 24     1110
   141 758  28 28     1111
   1 105  16 18       1112
   100 915  14 17     1113
   544 666  26 14     1114
   167 75  22 17      1115
   322 922  19 19     1116
   725 844  13 29     1117
   610 217  18 16     1118
   397 97  17 15      1119
   68 52  21 24       1120
   565 338  12 10     1121
   672 951  11 24     1122
   561 448  13 16     1123
   785 858  14 23     1124
   650 828  15 21     1125
   442 693  16 15     1126
   612 673  13 19     1127
   330 215  28 18     1128
   841 732  23 23     1129
   200 433  11 12     1130
   507 277  23 27     1131
   259 917  20 11     1132
   150 12  11 26      1133
   112 628  26 17     1134
   263 894  25 13     1135
   332 251  29 16     1136
   134 546  22 11     1137
   808 338  23 17     1138
   610 8  25 23       1139
   547 908  22 17     1140
   731 243  28 25     1141
   558 550  21 25     1142
   833 443  15 28     1143
   290 823  14 28     1144
   886 724  12 29     1145
   219 214  13 14     1146
   397 845  21 18     1147
   153 639  10 23     1148
   396 833  13 20     1149
   773 136  17 16     1150
   523 89  11 23      1151
   48 692  12 24      1152
   942 871  20 18     1153
   74 296  24 28      1154
   10 859  23 16      1155
   155 478  17 24     1156
   151 954  18 19     1157
   846 525  25 28     1158
   277 194  13 10     1159
   458 935  25 15     1160
   263 235  23 28     1161
   262 48  19 21      1162
   499 388  22 29     1163
   760 776  11 27     1164
   196 628  19 28     1165
   126 200  10 11     1166
   632 890  14 25     1167
   868 275  14 26     1168
   90 540  20 28      1169
   117 526  12 16     1170
   276 652  17 14     1171
   828 206  16 24     1172
   705 283  12 28     1173
   478 770  13 23     1174
   838 393  29 20     1175
   911 791  16 15     1176
   304 388  12 20     1177
   560 808  25 24     1178
   213 669  28 14     1179
   130 842  7 5       1180
   938 447  15 11     1181
   116 864  10 12     1182
   234 33  24 14      1183
   392 850  10 10     1184
   952 153  21 26     1185
   884 318  28 13     1186
   413 418  14 20     1187
   203 908  12 22     1188
   265 108  19 25     1189
   737 842  25 21     1190
   380 103  29 15     1191
   821 323  16 14     1192
   393 91  4 6        1193
   262 892  19 17     1194
   355 700  14 17     1195
   561 755  17 13     1196
   455 132  28 27     1197
   627 580  20 20     1198
   363 333  21 13     1199
   55 812  12 28      1200
   622 43  22 10      1201
   665 951  11 14     1202
   468 444  13 23     1203
   113 796  17 22     1204
   562 739  18 18     1205
   150 898  13 14     1206
   822 219  26 17     1207
   476 851  16 17     1208
   499 589  23 18     1209
   639 847  25 22     1210
   543 925  20 24     1211
   629 203  29 12     1212
   567 727  23 27     1213
   96 264  28 24      1214
   618 379  12 28     1215
   945 429  11 21     1216
   677 305  24 27     1217
   285 383  22 10     1218
   949 515  16 21     1219
   465 20  27 27      1220
   560 596  13 14     1221
   882 411  17 10     1222
   659 471  16 10     1223
   563 866  25 26     1224
   384 634  20 21     1225
   959 472  22 10     1226
   757 684  18 19     1227
   894 247  14 11     1228
   804 268  29 26     1229
   100 575  26 16     1230
   741 680  16 18     1231
   86 343  26 18      1232
   749 804  24 14     1233
   420 671  16 26     1234
   661 455  12 18     1235
   518 394  27 21     1236
   210 437  16 17     1237
   554 147  23 23     1238
   622 945  15 13     1239
   195 325  26 22     1240
   456 536  22 25     1241
   645 678  23 10     1242
   367 610  18 29     1243
   44 35  27 25       1244
   362 574  27 20     1245
   301 262  25 17     1246
   278 735  15 28     1247
   214 19  29 28      1248
   100 152  27 19     1249
   549 691  16 11     1250
   413 80  12 10      1251
   644 129  19 15     1252
   708 243  25 14     1253
   235 575  14 15     1254
   26 767  15 16      1255
   3 97  18 20        1256
   256 655  24 23     1257
   778 535  28 23     1258
   773 146  27 14     1259
   67 287  21 11      1260
   796 207  24 11     1261
   687 875  10 19     1262
   593 374  21 20     1263
   923 620  29 18     1264
   130 778  23 26     1265
   165 769  29 26     1266
   262 916  25 26     1267
   434 530  26 11     1268
   48 827  10 19      1269
   446 192  13 28     1270
   292 532  21 20     1271
   465 308  13 23     1272
   30 290  21 28      1273
   347 164  23 19     1274
   3 691  24 15       1275
   567 201  18 26     1276
   729 594  27 17     1277
   578 51  13 26      1278
   652 239  18 23     1279
   349 259  14 29     1280
   7 605  23 19       1281
   249 755  29 21     1282
   836 656  29 19     1283
   183 838  10 12     1284
   285 820  22 24     1285
   646 280  24 16     1286
   176 186  24 18     1287
   941 165  27 15     1288
   617 566  23 12     1289
   302 795  13 17     1290
   729 56  12 14      1291
   176 422  25 22     1292
   603 554  25 28     1293
   524 81  10 13      1294
   840 667  23 18     1295
   781 949  28 24     1296
   132 378  12 17     1297
   212 954  12 12     1298
   760 599  13 29     1299
   872 461  11 29     1300
   690 546  21 29     1301
   382 28  22 15      1302
   703 776  12 10     1303
   545 317  21 26     1304
   148 699  27 18     1305
