 10537  20849 -1 -2
 10537 -10221 -1  1
 10537 -30927 -1  3
 10542 -10218 -1  1
 10545 -20576 -1  2
 10546 -20579 -1  2
 10547  31200 -1 -3
 10561  51906 -1 -5
 10561 -20578 -1  2
 10561 -41283 -1  4
 10566  10492 -1 -1
 10566 -30925 -1  3
 10569  31198 -1 -3
 10569  51906 -1 -5
 10569 -20571 -1  2
 10569 -41288 -1  4
 10574  10488 -1 -1
 10574  51912 -1 -5
 10574 -20572 -1  2
 10574 -41283 -1  4
 10577 -41283 -1  4
 10585  41558 -1 -4
 10586 -51639 -1  5
 10588  31198 -1 -3
 10589  41559 -1 -4
 10589 -10223 -1  1
 10589 -41281 -1  4
 10590  41560 -1 -4
 10593  51907 -1 -5
 10593  51914 -1 -5
 10593 -10217 -1  1
 10594  10495 -1 -1
 10594  31196 -1 -3
 10598 -41284 -1  4
 20892 -20572 -2  2
 20893 -30930 -2  3
 20897 -51642 -2  5
 20900  31199 -2 -3
 20900 -30934 -2  3
 20900 -41280 -2  4
 20900 -41285 -2  4
 20904 -30928 -2  3
 20905  41559 -2 -4
 20905 -30932 -2  3
 20908 -30929 -2  3
 20908 -30933 -2  3
 20908 -51637 -2  5
 20909 -41289 -2  4
 20917  51910 -2 -5
 20924  51906 -2 -5
 20925  31200 -2 -3
 20925  31200 -2 -3
 20926 -41289 -2  4
 20928 -51640 -2  5
 20929  20843 -2 -2
 20929  41559 -2 -4
 20929 -41281 -2  4
 20929 -41286 -2  4
 20929 -51641 -2  5
 20932  31204 -2 -3
 20932  41555 -2 -4
 20935  41555 -2 -4
 20937  20850 -2 -2
 20940  10487 -2 -1
 20940  20843 -2 -2
 20943  20848 -2 -2
 20944  10494 -2 -1
 20948  10492 -2 -1
 20948 -41283 -2  4
 20948 -51642 -2  5
 20953  41559 -2 -4
 20953 -20574 -2  2
 31247  51907 -3 -5
 31247 -10222 -3  1
 31249  10490 -3 -1
 31249  10490 -3 -1
 31249 -30930 -3  3
 31251  51910 -3 -5
 31252  51909 -3 -5
 31255  31197 -3 -3
 31255 -10223 -3  1
 31256  51906 -3 -5
 31259 -20575 -3  2
 31260  20849 -3 -2
 31263  10488 -3 -1
 31263  20849 -3 -2
 31263 -51640 -3  5
 31268  10489 -3 -1
 31271  10488 -3 -1
 31271  51910 -3 -5
 31271 -10215 -3  1
 31271 -10216 -3  1
 31273  51910 -3 -5
 31274  41555 -3 -4
 31276  20846 -3 -2
 31276  51906 -3 -5
 31276  51912 -3 -5
 31276 -20573 -3  2
 31279  31205 -3 -3
 31279  41556 -3 -4
 31279 -20571 -3  2
 31283  10486 -3 -1
 31284 -10218 -3  1
 31287  51910 -3 -5
 31287 -10222 -3  1
 31291 -10224 -3  1
 31291 -51637 -3  5
 31295  10492 -3 -1
 31295  20842 -3 -2
 31295  31199 -3 -3
 31295  41559 -3 -4
 31296  20845 -3 -2
 31300  10486 -3 -1
 31303 -10216 -3  1
 31303 -30929 -3  3
 31307 -10224 -3  1
 31308  20848 -3 -2
 31308 -20578 -3  2
 31308 -51635 -3  5
 41607  10490 -4 -1
 41607  10495 -4 -1
 41607  20846 -4 -2
 41607  31204 -4 -3
 41607  51907 -4 -5
 41607 -51636 -4  5
 41610  41552 -4 -4
 41610 -10219 -4  1
 41610 -10221 -4  1
 41610 -41284 -4  4
 41611  31200 -4 -3
 41615  10489 -4 -1
 41615  10494 -4 -1
 41615 -41287 -4  4
 41618  20845 -4 -2
 41622  31196 -4 -3
 41623  41553 -4 -4
 41623  41554 -4 -4
 41626  10491 -4 -1
 41626  20850 -4 -2
 41626  41557 -4 -4
 41628 -51640 -4  5
 41629  31200 -4 -3
 41631  41556 -4 -4
 41631 -41288 -4  4
 41634 -20577 -4  2
 41634 -30933 -4  3
 41635 -10215 -4  1
 41636  20850 -4 -2
 41638 -10220 -4  1
 41642  51915 -4 -5
 41642 -10215 -4  1
 41642 -20574 -4  2
 41642 -51644 -4  5
 41643  10486 -4 -1
 41643  10490 -4 -1
 41644 -20579 -4  2
 41646 -20573 -4  2
 41647  20843 -4 -2
 41650 -10216 -4  1
 41653 -30927 -4  3
 41658  20845 -4 -2
 41658 -10216 -4  1
 41660 -30934 -4  3
 41661  51915 -4 -5
 41661 -51639 -4  5
 41663 -30933 -4  3
 51957  41555 -5 -4
 51957 -10224 -5  1
 51970  31199 -5 -3
 51970 -30933 -5  3
 51973 -30933 -5  3
 51973 -51641 -5  5
 51981  41551 -5 -4
 51985  20845 -5 -2
 51986  51915 -5 -5
 51986 -20572 -5  2
 51986 -30929 -5  3
 51986 -30930 -5  3
 51990 -41289 -5  4
 51992 -41280 -5  4
 51994 -20577 -5  2
 51997  41559 -5 -4
 51997 -30933 -5  3
 51997 -41287 -5  4
 52001  41555 -5 -4
 52001  41558 -5 -4
 52002  10494 -5 -1
 52005 -51635 -5  5
 52007  20847 -5 -2
 52007 -20576 -5  2
 52008  10493 -5 -1
 52009 -20578 -5  2
 52010  51915 -5 -5
 52013  41556 -5 -4
 52013 -51642 -5  5
 52018  51912 -5 -5
-10112  20847  1 -2
-10112 -20570  1  2
-10114 -20570  1  2
-10114 -51644  1  5
-10116 -41289  1  4
-10117  10490  1 -1
-10117  41555  1 -4
-10117  51913  1 -5
-10124  31200  1 -3
-10125  20846  1 -2
-10125 -20575  1  2
-10128  41559  1 -4
-10128 -20576  1  2
-10129 -10220  1  1
-10130  10486  1 -1
-10130 -20574  1  2
-10130 -51640  1  5
-10131  20841  1 -2
-10132 -10220  1  1
-10132 -41285  1  4
-10133  51910  1 -5
-10139 -10215  1  1
-10141  20850  1 -2
-10141  31202  1 -3
-10141 -20572  1  2
-10141 -51641  1  5
-10149 -30934  1  3
-10156  41555  1 -4
-10157 -10218  1  1
-10157 -20571  1  2
-10157 -41281  1  4
-10157 -51641  1  5
-10161 -10217  1  1
-10161 -10217  1  1
-10161 -30928  1  3
-10162  41555  1 -4
-10164  41555  1 -4
-10165  10486  1 -1
-10165  20841  1 -2
-10168 -10223  1  1
-10170 -30930  1  3
-10173  51911  1 -5
-20467 -30926  2  3
-20468  20846  2 -2
-20469  10486  2 -1
-20470  51915  2 -5
-20480 -30929  2  3
-20485 -41284  2  4
-20485 -51639  2  5
-20486  31196  2 -3
-20491  31197  2 -3
-20491  41552  2 -4
-20491 -30929  2  3
-20494 -10224  2  1
-20496 -51640  2  5
-20499  31199  2 -3
-20500 -20575  2  2
-20502  10490  2 -1
-20504  41552  2 -4
-20504  51908  2 -5
-20504 -10220  2  1
-20509  41555  2 -4
-20509 -41285  2  4
-20510  51906  2 -5
-20512  20843  2 -2
-20512  41558  2 -4
-20512  51911  2 -5
-20512 -10215  2  1
-20517 -41285  2  4
-20520  20849  2 -2
-20520  31204  2 -3
-20520  51913  2 -5
-20523  31196  2 -3
-20523  51906  2 -5
-20523 -41280  2  4
-20528 -10216  2  1
-20528 -20575  2  2
-20528 -30930  2  3
-30822 -30927  3  3
-30822 -30933  3  3
-30823  51911  3 -5
-30823  51914  3 -5
-30826  20850  3 -2
-30826  41551  3 -4
-30827 -20572  3  2
-30827 -51639  3  5
-30833 -20576  3  2
-30833 -51641  3  5
-30835  20848  3 -2
-30835  41556  3 -4
-30835 -10224  3  1
-30841  10490  3 -1
-30842  31196  3 -3
-30843  10488  3 -1
-30843  31202  3 -3
-30843 -20570  3  2
-30843 -51643  3  5
-30846  10487  3 -1
-30847 -20575  3  2
-30848  31200  3 -3
-30849  10486  3 -1
-30851  20848  3 -2
-30851  51912  3 -5
-30851 -20575  3  2
-30851 -41286  3  4
-30851 -51635  3  5
-30854  20848  3 -2
-30854  41551  3 -4
-30854  41559  3 -4
-30859  20844  3 -2
-30859  51914  3 -5
-30862 -20578  3  2
-30867  31199  3 -3
-30867 -20575  3  2
-30870  20842  3 -2
-30872  20841  3 -2
-30873  31196  3 -3
-30874  51906  3 -5
-30875  41555  3 -4
-30875  51908  3 -5
-30882  10490  3 -1
-30883 -10219  3  1
-30883 -41287  3  4
-41180 -20579  4  2
-41182  31198  4 -3
-41182  41552  4 -4
-41188 -51638  4  5
-41190  41553  4 -4
-41190 -30934  4  3
-41193  10494  4 -1
-41194  31203  4 -3
-41198  31203  4 -3
-41198 -20579  4  2
-41198 -51636  4  5
-41201 -41286  4  4
-41202  51915  4 -5
-41203  51906  4 -5
-41204  10490  4 -1
-41205 -10224  4  1
-41206  31200  4 -3
-41206 -51639  4  5
-41214 -10223  4  1
-41214 -41281  4  4
-41217  31197  4 -3
-41218  31200  4 -3
-41222  51908  4 -5
-41222 -41289  4  4
-41222 -51637  4  5
-41225  20850  4 -2
-41226  10492  4 -1
-41226 -51644  4  5
-41227  31200  4 -3
-41227 -41289  4  4
-41228  20845  4 -2
-41230  31202  4 -3
-41230 -10220  4  1
-41233  10488  4 -1
-41233  20848  4 -2
-41233 -51641  4  5
-41238  20846  4 -2
-41238  20847  4 -2
-41238  20850  4 -2
-51534 -10215  5  1
-51537 -30931  5  3
-51545 -51635  5  5
-51548  31197  5 -3
-51553  10489  5 -1
-51556  10491  5 -1
-51559  20845  5 -2
-51560  31200  5 -3
-51561  31202  5 -3
-51564  10494  5 -1
-51564  31198  5 -3
-51564  51910  5 -5
-51566  20845  5 -2
-51569  20843  5 -2
-51569  20845  5 -2
-51569 -51637  5  5
-51573  20841  5 -2
-51573 -10220  5  1
-51574  10486  5 -1
-51574 -20579  5  2
-51574 -41289  5  4
-51575 -30930  5  3
-51576 -41285  5  4
-51577  10492  5 -1
-51577 -41280  5  4
-51582 -20574  5  2
-51585  10488  5 -1
-51585  10491  5 -1
-51585  20847  5 -2
-51585  41553  5 -4
-51588  31197  5 -3
-51588  41558  5 -4
-51588 -10219  5  1
-51588 -20570  5  2
-51588 -41285  5  4
-51593  31198  5 -3
-51593  31204  5 -3