314 1132 1135
314 1389 1390
314 1602 1612
314 1791 1801
314 206 213
314 50 60
314 936 951
315 523 547
315 671 698
315 772 793
316 1766 1780
317 1758 1760
317 835 840
318 1132 1135
318 1669 1676
319 1239 1249
319 1584 1597
319 468 478
320 1431 1453
320 1757 1760
320 231 253
320 939 947
321 1070 1082
321 1607 1609
322 1340 1367
322 1556 1563
322 1789 1798
322 301 317
322 407 416
322 54 56
322 704 710
322 939 947
323 1277 1289
323 1310 1325
323 148 166
323 1607 1609
323 1668 1676
323 97 113
324 1789 1798
324 54 56
324 772 793
324 971 982
325 871 881
325 992 1001
326 126 141
326 972 982
327 1072 1075
327 1238 1249
327 1457 1475
327 149 166
328 1123 1136
328 1584 1597
328 301 317
329 106 108
329 1072 1075
329 1175 1188
329 270 274
329 935 951
330 1792 1801
330 505 510
330 554 559
330 597 614
330 671 698
331 127 141
331 1603 1612
331 1744 1758
331 532 534
331 834 840
331 847 862
332 1174 1188
332 147 150
332 1556 1563
332 468 478
332 799 815
333 532 534
333 992 1001
334 310 314
334 778 795
335 1129 1131
335 450 477
335 714 724
335 847 862
335 870 881
336 1069 1082
336 1092 1100
336 1310 1325
337 1032 1038
337 1394 1413
337 1590 1594
337 270 274
337 51 60
337 920 926
338 1129 1131
338 1432 1453
338 1624 1641
338 703 710
339 106 108
339 596 614
340 1388 1390
340 1458 1475
340 1624 1641
340 206 213
340 25 37
340 506 510
340 798 815
341 1015 1017
341 1340 1367
341 1393 1413
341 1727 1738
341 46 66
341 577 580
342 1093 1100
342 1554 1569
342 1766 1780
342 231 253
342 524 547
342 784 790
343 124 126
343 1728 1738
343 374 391
343 805 811
343 891 904
344 1015 1017
344 1032 1038
344 1122 1136
344 46 66
345 1241 1247
345 201 217
345 24 37
345 890 904
346 1277 1289
346 1726 1736
346 309 314
346 450 477
346 634 654
346 715 724
347 124 126
347 1329 1344
347 937 965
347 969 971
348 1184 1193
348 1418 1422
348 1557 1566
348 553 559
348 98 113
349 480 504
349 589 615
350 1669 1671
350 1775 1798
350 406 416
351 1330 1344
351 1557 1566
351 577 580
352 1040 1061
353 784 790
354 1518 1541
354 661 666
354 920 926
355 1670 1671
355 937 965
356 1123 1132
356 147 150
356 441 459
357 1040 1061
357 1589 1594
357 209 211
358 1086 1109
358 1702 1715
358 397 403
359 1387 1391
359 662 666
359 779 795
359 991 1004
360 123 133
360 1419 1422
360 1438 1456
360 1469 1494
361 1242 1247
361 1553 1569
361 209 211
361 609 612
362 1122 1132
362 1364 1366
362 1657 1663
362 491 500
362 635 654
362 69 92
363 278 296
364 227 237
364 609 612
365 1035 1060
365 123 133
365 1657 1663
365 491 500
366 226 237
366 997 1001
367 1387 1391
367 1684 1695
367 373 391
368 1222 1226
368 537 552
368 54 63
368 805 811
368 997 1001
369 1377 1381
369 1589 1599
369 1665 1675
369 202 217
369 345 353
369 70 92
369 786 795
370 1468 1494
370 8 22
370 969 971
371 1034 1060
371 481 504
371 704 729
372 1417 1422
373 1185 1193
373 1337 1350
373 1590 1599
373 589 615
373 7 22
374 396 403
374 440 459
374 560 571
374 703 729
374 990 1004
375 1681 1692
375 926 947
377 1681 1692
377 1776 1798
378 116 124
378 1338 1350
378 1416 1422
378 590 603
379 1087 1109
379 1668 1672
379 169 175
379 251 271
380 1519 1541
380 1641 1655
380 476 488
380 590 603
381 1378 1381
381 1591 1619
381 1766 1770
381 770 776
382 1191 1206
383 1567 1580
383 25 40
383 250 271
383 476 488
383 839 866
383 86 90
383 895 908
384 1437 1456
384 1591 1619
384 563 565
384 579 582
385 1488 1506
385 26 40
385 537 552
386 1156 1167
386 1683 1695
386 1765 1770
386 563 565
387 1059 1078
387 935 940
388 1616 1630
388 314 317
388 622 648
389 1190 1206
389 1265 1283
389 1364 1366
389 55 63
389 935 940
390 1221 1226
390 1492 1503
390 1565 1573
390 1592 1605
390 279 296
391 1122 1144
391 1668 1672
391 345 353
391 838 866
392 1414 1436
392 143 163
392 1565 1573
392 561 571
392 587 604
392 97 112
393 168 175
393 3 10
393 87 90
394 1492 1503
394 313 317
395 1368 1393
395 1614 1625
395 35 47
395 962 979
396 1155 1167
396 1187 1191
396 436 438
396 787 795
397 1472 1478
397 1614 1625
397 418 424
397 770 776
397 876 887
398 1265 1283
398 209 222
398 402 410
398 485 489
399 100 108
399 1123 1144
399 1175 1178
399 1473 1478
399 1599 1601
399 927 947
399 962 979
399 999 1019
400 1515 1540
400 1778 1789
400 240 255
400 301 328
400 367 379
400 42 44
400 524 549
400 623 648
400 684 707
401 100 108
401 1599 1601
401 1641 1655
401 769 777
402 1284 1293
402 1489 1506
402 187 191
402 368 379
402 835 851
403 1041 1050
403 1120 1146
403 1188 1191
403 1415 1436
403 1547 1558
403 1568 1580
404 1299 1325
404 1617 1630
404 53 81
405 1515 1540
405 302 328
405 336 360
405 403 410
405 42 44
405 445 468
406 116 124
406 240 255
406 271 288
406 619 644
406 732 736
406 855 865
407 1006 1012
407 580 582
407 835 851
408 1059 1078
408 484 489
408 650 656
408 938 950
409 1006 1012
409 1119 1146
409 1194 1203
409 1351 1362
409 1687 1697
409 336 360
409 419 424
409 436 438
409 96 112
409 962 965
411 685 707
412 1041 1050
412 1591 1605
412 208 222
413 1369 1393
413 35 47
413 74 77
415 1665 1675
415 215 235
415 248 255
415 417 423
415 587 604
415 74 77
416 16 41
417 1522 1536
417 173 176
417 248 255
418 1328 1347
418 143 163
418 914 924
419 445 468
419 493 503
420 1175 1178
420 1224 1233
420 1266 1275
420 810 823
421 271 288
421 294 312
421 4 10
421 54 81
422 334 349
422 418 423
422 523 549
422 664 669
423 1140 1148
423 364 369
423 688 689
423 962 965
424 1037 1043
424 1624 1627
424 188 191
424 619 644
425 1223 1233
425 1429 1432
425 651 656
426 1164 1186
426 999 1019
427 1429 1432
427 1777 1789
427 391 404
427 716 725
428 1367 1390
428 1503 1514
428 1546 1558
428 732 736
428 770 777
428 945 947
429 1037 1043
429 1107 1133
429 1284 1293
429 562 582
430 1299 1325
430 1366 1390
430 437 447
430 536 546
430 945 947
431 1352 1362
431 365 369
431 562 582
431 752 763
432 1611 1619
432 294 312
433 1046 1050
433 1450 1460
433 216 235
433 333 349
433 652 660
433 687 689
433 713 721
434 1312 1317
434 1625 1627
434 626 644
434 770 786
435 172 176
435 492 503
436 1195 1203
436 1481 1491
436 394 398
436 664 669
436 938 950
437 1163 1186
437 1450 1460
437 185 201
437 536 546
437 858 860
437 913 924
437 966 993
438 1217 1231
438 1368 1382
438 652 660
439 1076 1088
439 1108 1133
439 1390 1412
439 1529 1533
439 371 382
439 880 883
440 15 41
440 713 721
440 733 743
441 1141 1148
441 1267 1275
441 129 153
441 1329 1347
441 394 398
441 415 428
442 1502 1514
442 75 93
443 1289 1299
443 1691 1693
443 507 520
443 627 644
444 1054 1059
444 1391 1412
445 1612 1619
445 374 378
446 1196 1208
446 1215 1228
446 1463 1474
446 463 474
447 1691 1693
447 297 303
447 320 332
447 352 362
447 52 54
447 696 706
447 715 725
448 1376 1378
448 392 404
448 771 786
449 1393 1407
449 1575 1588
449 374 378
450 321 332
450 506 520
451 1215 1228
451 128 153
451 1575 1588
451 540 555
452 1156 1169
452 1195 1208
452 1313 1317
452 1347 1357
452 423 425
453 1376 1378
453 700 702
453 75 93
454 1045 1050
454 1292 1295
454 438 447
455 1105 1117
455 1266 1278
455 137 150
455 1481 1491
455 240 253
455 370 382
455 423 425
455 541 555
455 612 624
455 676 687
455 700 702
456 1292 1295
456 186 201
457 1196 1206
457 1218 1231
457 1242 1254
457 1438 1452
457 1468 1471
457 263 277
458 1398 1403
458 23 29
459 1177 1186
459 1369 1382
459 1595 1608
459 929 947
459 967 993
460 1328 1338
460 297 303
460 485 498
460 555 561
460 768 793
461 1263 1274
461 1398 1403
461 1529 1533
461 1570 1583
461 309 322
461 619 621
461 695 706
462 1153 1165
462 1239 1250
462 1290 1299
462 1307 1318
462 733 743
463 1194 1202
463 218 229
463 261 272
463 287 297
463 415 428
463 439 453
464 1153 1165
464 1239 1250
464 1592 1605
464 569 587
465 1048 1049
465 1075 1088
465 1263 1274
465 1325 1335
465 142 145
465 200 211
465 261 272
465 619 621
465 776 789
465 832 838
465 880 883
466 1105 1117
466 1123 1126
466 1592 1605
466 1618 1638
466 1661 1676
466 483 493
467 1194 1202
467 1686 1697
467 1770 1793
467 181 192
467 570 587
467 635 647
468 216 226
468 24 29
469 114 127
469 1325 1335
469 1346 1357
469 158 171
469 306 317
469 384 409
469 483 493
469 592 604
469 929 947
470 1134 1147
470 1155 1169
470 1304 1315
470 1394 1407
470 1418 1427
470 142 145
470 1522 1536
470 1545 1559
470 197 206
470 507 520
470 51 54
470 776 789
470 964 979
471 1019 1038
471 1055 1059
471 1619 1638
471 1661 1676
471 216 226
471 241 253
471 31 44
471 555 561
471 727 749
472 306 317
472 437 449
473 1265 1278
473 178 186
473 264 277
473 354 358
473 638 640
473 656 670
474 1370 1381
474 1468 1471
474 197 206
474 437 449
475 1122 1126
475 1197 1206
475 1241 1254
475 1543 1552
475 1594 1608
475 328 340
475 354 358
475 638 640
476 1304 1315
476 1327 1338
476 464 474
476 935 938
477 1072 1090
477 138 150
477 549 559
477 726 749
477 768 793
478 1114 1127
478 1438 1452
478 1543 1552
478 178 186
478 308 322
478 384 409
478 486 498
478 514 516
478 613 624
478 858 860
479 1073 1090
479 117 119
479 1415 1424
479 675 687
479 692 702
480 1179 1182
480 1515 1517
480 514 516
480 654 666
481 117 119
481 1570 1583
481 96 105
482 1306 1318
482 1369 1381
482 1415 1424
482 1782 1784
482 330 335
482 791 805
482 964 979
483 1047 1049
483 219 229
483 440 453
483 567 581
484 180 192
484 552 556
484 772 784
485 1514 1517
485 157 171
485 1572 1598
485 199 211
485 287 297
485 304 317
485 690 699
485 710 721
485 832 838
486 11 20
486 1217 1236
486 248 275
486 508 520
486 528 538
486 552 556
487 113 127
487 1462 1474
487 1782 1784
487 351 362
487 400 424
487 654 666
488 1020 1038
488 1134 1147
488 1417 1427
488 247 275
488 330 335
488 690 699
488 99 101
489 789 802
490 1546 1559
490 74 85
491 1093 1103
491 1415 1430
491 635 647
491 789 802
492 1633 1654
492 32 44
492 455 461
492 52 64
492 550 559
492 752 763
493 1769 1793
493 288 294
493 657 670
493 952 972
494 1605 1617
494 1702 1715
494 327 340
494 382 397
494 526 535
494 832 837
494 934 938
494 99 101
495 214 217
495 302 314
495 693 702
496 1179 1182
496 184 200
496 477 483
496 526 535
496 591 604
496 71 80
497 1572 1598
497 302 314
497 813 819
498 184 200
498 71 80
498 792 805
499 1072 1084
499 629 656
499 952 972
500 1254 1258
500 1665 1691
500 922 949
500 993 1016
501 49 60
501 589 600
501 629 656
501 771 784
502 1769 1782
502 233 242
502 341 367
502 95 105
503 1176 1186
503 1665 1691
503 215 217
503 305 317
504 1322 1343
504 49 60
504 709 721
505 1161 1165
505 165 182
505 233 242
505 831 837
505 993 1016
506 1093 1103
506 1726 1736
506 401 424
506 529 538
506 73 85
507 1705 1714
507 567 581
509 1141 1156
509 1700 1702
509 391 393
509 508 518
509 830 844
509 922 949
510 10 20
510 1050 1060
510 1121 1123
510 1384 1400
510 1414 1430
510 1535 1546
510 1585 1599
510 1632 1654
510 455 461
511 1074 1081
511 1217 1236
511 1604 1617
511 414 426
512 1683 1692
512 51 64
512 955 964
513 108 135
513 1584 1599
513 1625 1632
513 1766 1775
513 342 367
513 36 42
513 391 393
513 507 518
513 813 819
514 1227 1239
514 627 638
515 164 182
515 1766 1775
516 1074 1081
516 421 423
516 590 600
516 609 620
516 769 788
516 855 865
517 107 135
517 1170 1179
517 1323 1343
517 288 294
518 1365 1373
518 1502 1521
518 421 423
518 476 483
519 1140 1156
519 1446 1459
519 1744 1758
519 382 397
519 449 467
520 255 268
520 625 634
520 769 788
521 1446 1459
521 1768 1782
521 233 248
521 606 616
521 810 823
521 980 1003
522 1029 1042
522 1071 1084
522 36 42
522 485 499
523 1161 1165
523 1536 1546
523 48 50
523 606 616
524 1228 1239
524 1254 1258
524 1503 1521
524 233 248
524 305 316
524 928 934
524 955 964
525 1302 1314
525 1330 1347
525 1700 1702
525 625 634
525 797 822
526 1462 1479
526 928 934
527 276 293
527 510 514
527 798 822
528 1035 1038
528 352 356
529 981 1003
530 1525 1533
530 351 356
530 414 426
531 107 109
531 830 844
532 1035 1038
532 1385 1400
532 276 293
532 941 952
533 1009 1021
533 1706 1714
533 1726 1751
533 206 232
533 964 975
534 1050 1060
534 309 311
534 628 638
534 841 859
535 1551 1573
535 1605 1615
535 1682 1692
535 608 620
535 780 790
536 1483 1489
536 493 495
537 1524 1533
537 448 467
537 48 50
537 555 563
538 1171 1179
538 1465 1471
538 152 175
538 1552 1573
538 1765 1778
538 493 495
538 527 536
539 1028 1042
539 1330 1347
539 1626 1632
539 780 790
540 1016 1018
540 401 422
541 1636 1650
541 309 311
541 510 514
542 1058 1083
542 1465 1471
542 1721 1722
542 181 189
542 256 268
542 526 536
542 876 887
542 961 970
543 1016 1018
543 1704 1715
543 626 632
543 939 949
544 1132 1152
544 181 189
544 3 9
544 46 56
544 640 656
545 1365 1373
545 1606 1615
545 357 365
545 939 949
546 1705 1715
546 1727 1751
546 961 970
547 1720 1722
547 625 632
547 767 786
547 986 1000
548 107 109
548 1264 1269
548 1326 1351
548 1462 1479
548 436 453
548 484 499
549 1422 1440
549 152 175
549 1592 1596
549 1635 1650
549 304 316
549 685 711
549 75 80
551 1301 1314
551 1423 1440
551 45 56
551 896 908
551 920 932
551 942 952
552 1454 1458
552 1484 1489
552 684 711
553 1471 1479
553 963 975
554 1008 1021
554 1766 1778
554 74 80
555 1059 1083
555 207 232
555 842 859
556 1029 1043
556 103 111
556 1097 1103
556 1228 1248
557 1723 1743
557 489 506
557 592 595
557 728 742
558 290 305
558 680 691
558 917 929
559 1050 1064
559 1183 1206
559 518 530
560 1453 1458
560 1528 1544
560 556 563
560 591 595
560 649 651
560 917 929
561 1263 1269
561 1434 1446
561 3 9
562 1142 1145
562 1325 1351
562 488 506
562 970 973
563 165 188
564 1142 1145
564 1462 1466
564 594 618
565 1007 1020
565 1282 1293
565 214 240
565 524 526
565 649 651
565 986 1000
566 1593 1596
566 1604 1628
567 1121 1123
567 402 422
567 800 821
567 943 948
568 1648 1655
568 357 365
568 472 475
568 732 736
569 1300 1320
569 1391 1414
569 1723 1743
569 314 342
569 524 526
569 768 786
569 919 932
569 944 948
570 1096 1103
570 1133 1152
570 148 157
570 1691 1701
570 680 691
570 801 821
571 1030 1043
571 1438 1441
571 1496 1517
571 640 656
573 1073 1086
573 1528 1544
573 732 736
574 1005 1017
574 1438 1441
574 1495 1517
574 1604 1628
574 214 240
574 397 405
574 595 618
575 1695 1698
575 290 305
575 437 453
575 625 642
576 1005 1017
576 970 973
577 1391 1414
577 1472 1479
577 149 157
577 682 709
577 858 883
578 1141 1146
578 1229 1248
578 1353 1367
578 1695 1698
578 480 488
578 566 593
579 1113 1127
579 1281 1293
579 1462 1466
579 1764 1782
579 315 342
579 473 475
580 104 111
580 202 217
580 857 883
581 1300 1320
581 1435 1446
581 1485 1492
581 424 442
582 727 742
583 1008 1020
583 1182 1206
583 1325 1340
583 398 405
583 518 530
584 1765 1782
584 626 642
585 1051 1064
585 1379 1382
586 1140 1146
586 1691 1701
586 203 217
586 425 442
587 480 488
587 715 741
588 1325 1340
588 1485 1492
589 683 709
589 984 996
590 166 188
590 715 741
591 1647 1655
591 566 593
592 1354 1367
592 1378 1382
592 983 996
594 1072 1086