10 393 421
1000 547 565
1001 325 333
1001 366 368
1003 521 529
1004 359 374
1006 407 409
101 488 494
1012 407 409
1016 500 505
1016 540 543
1017 341 344
1017 574 576
1018 540 543
1019 399 426
1020 565 583
1021 533 554
1038 337 344
1038 471 488
1038 528 532
1042 522 539
1043 424 429
1043 556 571
1049 465 483
105 481 502
1050 403 412
1050 433 454
1059 444 471
1060 365 371
1060 510 534
1061 352 357
1064 559 585
1075 327 329
1078 387 408
108 329 339
108 399 401
1081 511 516
1082 321 336
1083 542 555
1084 499 522
1086 573 594
1088 439 465
109 531 548
1090 477 479
1100 336 342
1103 491 506
1103 556 570
1109 358 379
111 556 580
1117 455 466
112 392 409
1121 510 567
1123 510 567
1126 466 475
1127 478 579
1129 335 338
113 323 348
1131 335 338
1132 356 362
1133 429 439
1135 314 318
1136 328 344
1142 562 564
1144 391 399
1145 562 564
1146 403 409
1146 578 586
1147 470 488
1148 423 441
1152 544 570
1156 509 519
1165 462 464
1165 505 523
1167 386 396
1169 452 470
1178 399 420
1179 480 496
1179 517 538
1182 480 496
1186 426 437
1186 459 503
1188 329 332
119 479 481
1191 396 403
1193 348 373
1202 463 467
1203 409 436
1206 382 389
1206 457 475
1206 559 583
1208 446 452
1226 368 390
1228 446 451
1231 438 457
1233 420 425
1236 486 511
1239 514 524
124 378 406
1247 345 361
1248 556 578
1249 319 327
1250 462 464
1254 457 475
1258 500 524
126 343 347
1269 548 561
127 469 487
1274 461 465
1275 420 441
1278 455 473
1283 389 398
1289 323 346
1293 402 429
1293 565 579
1295 454 456
1299 443 462
1314 525 551
1315 470 476
1317 434 452
1318 462 482
1320 569 581
1325 323 336
1325 404 430
133 360 365
1335 465 469
1338 460 476
1340 583 588
1343 504 517
1344 347 351
1347 418 441
1347 525 539
135 513 517
1350 373 378
1351 548 562
1357 452 469
1362 409 431
1366 362 389
1367 322 341
1367 578 592
1373 518 545
1376 448 453
1378 448 453
1381 369 381
1381 474 482
1382 438 459
1382 585 592
1390 314 340
1390 428 430
1391 359 367
1393 395 413
1400 510 532
1403 458 461
1407 449 470
141 326 331
1412 439 444
1413 337 341
1414 569 577
1422 348 360
1422 372 378
1424 479 482
1427 470 488
1430 491 510
1432 425 427
1436 392 403
1440 549 551
1441 571 574
1446 561 581
145 465 470
1452 457 478
1453 320 338
1456 360 384
1458 552 560
1459 519 521
1460 433 437
1465 538 542
1466 564 579
1471 457 474
1471 538 542
1474 446 487
1475 327 340
1478 397 399
1479 526 548
1479 553 577
1489 536 552
1491 436 455
1492 390 394
1492 581 588
1494 360 370
150 332 356
150 455 477
1503 390 394
1506 385 402
1514 428 442
1517 480 485
1517 571 574
1521 518 524
1529 439 461
153 441 451
1533 439 461
1533 530 537
1536 417 470
1540 400 405
1541 354 380
1544 560 573
1546 510 523
1552 475 478
1557 348 351
1558 403 428
1559 470 490
1563 322 332
1566 348 351
1569 342 361
157 570 577
1573 390 392
1573 535 538
1580 383 403
1583 461 481
1588 449 451
1594 337 357
1596 549 566
1597 319 328
1598 485 497
1599 369 373
1599 399 401
1599 510 513
1601 399 401
1605 390 412
1605 464 466
1608 459 475
1609 321 323
1612 314 331
1615 535 545
1617 494 511
1619 381 384
1619 432 445
1625 395 397
1627 424 434
1628 566 574
163 392 418
1630 388 404
1632 513 539
1638 466 471
1641 338 340
1650 541 549
1654 492 510
1655 380 401
1655 568 591
166 323 327
1663 362 365
1671 350 355
1672 379 391
1675 369 415
1676 318 323
1676 466 471
1691 443 447
1691 500 503
1692 375 377
1692 512 535
1693 443 447
1695 367 386
1697 409 467
1698 575 578
1701 570 586
1702 509 525
171 469 485
1714 507 533
1715 358 494
1715 543 546
1722 542 547
1736 346 506
1738 341 343
1743 557 569
175 379 393
175 538 549
1751 533 546
1758 331 519
176 417 435
1760 317 320
1770 381 386
1775 513 515
1778 538 554
1780 316 342
1782 502 521
1782 579 584
1784 482 487
1789 400 427
1793 467 493
1798 322 324
1798 350 377
1801 314 330
182 505 515
186 473 478
188 563 590
189 542 544
191 402 424
192 467 484
20 486 510
200 496 498
201 437 456
206 470 474
209 357 361
211 357 361
211 465 485
213 314 340
217 345 369
217 495 503
217 580 586
22 370 373
222 398 412
226 468 471
229 463 483
232 533 555
235 415 433
237 364 366
240 565 574
242 502 505
248 521 524
253 320 342
253 455 471
255 400 406
255 415 417
268 520 542
271 379 383
272 463 465
274 329 337
275 486 488
277 457 473
288 406 421
29 458 468
293 527 532
294 493 517
296 363 390
297 463 485
303 447 460
305 558 575
309 534 541
311 534 541
312 421 432
314 334 346
314 495 497
316 524 549
317 322 328
317 388 394
317 469 472
317 485 503
322 461 478
328 400 405
330 482 488
332 447 450
335 482 488
340 475 494
342 569 579
349 422 433
353 369 391
356 528 530
358 473 475
360 405 409
362 447 487
365 545 568
367 502 513
369 423 431
37 340 345
378 445 449
379 400 402
382 439 455
391 343 367
393 509 513
397 494 519
398 436 441
40 383 385
403 358 374
404 427 448
405 574 583
409 469 478
41 416 440
410 398 405
416 322 350
42 400 405
42 513 522
422 540 567
423 415 422
423 516 518
424 397 409
424 487 506
425 452 455
426 511 530
428 441 463
438 396 409
44 400 405
44 471 492
442 581 586
447 430 454
449 472 474
453 463 483
453 548 575
459 356 374
461 492 510
467 519 537
468 405 419
47 395 413
474 446 476
475 568 579
477 335 346
478 319 332
483 496 518
488 380 383
488 578 587
489 398 408
491 362 365
493 466 469
495 536 538
498 460 478
499 522 548
50 523 537
500 362 365
503 419 435
504 349 371
506 557 562
510 330 340
514 527 541
516 478 480
518 509 513
520 443 450
520 470 486
526 565 569
530 559 583
534 331 333
535 494 496
536 538 542
538 486 506
54 322 324
54 447 470
546 430 437
547 315 342
549 400 422
552 368 385
555 451 455
556 484 486
559 330 348
559 477 492
56 322 324
56 544 551
561 460 471
563 537 560
565 384 386
571 374 392
580 341 351
581 483 507
582 384 407
582 429 431
587 464 467
593 578 591
595 557 560
60 314 337
60 501 504
600 501 516
603 378 380
604 392 415
604 469 496
609 361 364
612 361 364
614 330 339
615 349 373
616 521 523
618 564 574
619 461 465
620 516 535
621 461 465
624 455 478
63 368 389
632 543 547
634 520 525
638 514 534
64 492 512
640 473 475
642 575 584
644 406 424
644 434 443
647 467 491
648 388 400
651 560 565
654 346 362
656 408 425
656 499 501
656 544 571
66 341 344
660 433 438
666 354 359
666 480 487
669 422 436
670 473 493
687 455 479
689 423 433
691 558 570
698 315 330
699 485 488
700 453 455
702 453 455
702 479 495
706 447 461
707 400 411
709 577 589
710 322 338
711 549 552
721 433 440
721 485 504
724 335 346
725 427 447
729 371 374
736 406 428
736 568 573
741 587 590
742 557 582
743 440 462
749 471 477
763 431 492
77 413 415
776 381 397
776 465 470
777 401 428
784 484 501
786 434 448
786 547 569
788 516 520
789 465 470
790 342 353
790 535 539
793 315 324
793 460 477
795 334 359
795 369 396
80 496 498
80 549 554
802 489 491
805 482 498
81 404 421
811 343 368
813 497 513
815 332 340
819 497 513
821 567 570
822 525 527
823 420 521
837 494 505
838 465 485
840 317 331
844 509 531
85 490 506
851 402 407
858 437 478
859 534 555
860 437 478
862 331 335
865 406 516
866 383 391
880 439 465
881 325 335
883 439 465
883 577 580
887 397 542
9 544 561
90 383 393
904 343 345
908 383 551
92 362 369
924 418 437
926 337 354
929 558 560
93 442 453
932 551 569
934 524 526
938 476 494
939 320 322
940 387 389
947 320 322
947 375 399
947 428 430
947 459 469
948 567 569
949 500 509
949 543 545
950 408 436
951 314 329
952 532 551
964 512 524
965 347 355
965 409 423
970 542 546
971 347 370
972 493 499
973 562 576
975 533 553
979 395 399
979 470 482
982 324 326
993 437 459
996 589 592